# Move search of pairs OLDS status

# Generation of DLS status

9
{
0 1 2 3 4 5 6 7 8 
8 3 6 1 7 2 4 5 0 
3 8 4 5 2 6 0 1 7 
5 6 7 8 0 4 1 2 3 
2 5 8 4 1 3 7 0 6 
4 0 1 6 3 7 5 8 2 
6 7 3 0 5 8 2 4 1 
1 2 5 7 8 0 3 6 4 
7 4 0 2 6 1 8 3 5 
}
56

1 2 
1 3 
1 4 
1 5 
1 6 
1 8 
2 0 
2 1 
2 3 
2 4 
2 5 
2 7 
2 8 
3 0 
3 1 
3 2 
3 4 
3 6 
3 7 
3 8 
4 0 
4 1 
4 2 
4 3 
4 5 
4 6 
4 7 
4 8 
5 0 
5 1 
5 2 
5 4 
5 6 
5 7 
5 8 
6 0 
6 1 
6 3 
6 4 
6 5 
6 7 
6 8 
7 0 
7 2 
7 3 
7 4 
7 5 
7 6 
7 8 
8 1 
8 2 
8 3 
8 4 
8 5 
8 6 
8 7 

1 2 -1
8 7 55

0 0 0 0 0 0 0 0 0 
0 0 0 0 0 0 0 0 0 

0 0 0 0 0 0 0 0 0 
0 0 0 0 0 0 0 0 0 
0 0 0 0 0 0 0 0 0 
0 0 0 0 0 0 0 0 0 
0 0 0 0 0 0 0 0 0 
0 0 0 0 0 0 0 0 0 
0 0 0 0 0 0 0 0 0 
0 0 0 0 0 0 0 0 0 
0 0 0 0 0 0 0 0 0 

0 0 0 0 0 0 0 0 0 
0 0 0 0 0 0 0 0 0 
0 0 0 0 0 0 0 0 0 
0 0 0 0 0 0 0 0 0 
0 0 0 0 0 0 0 0 0 
0 0 0 0 0 0 0 0 0 
0 0 0 0 0 0 0 0 0 
0 0 0 0 0 0 0 0 0 
0 0 0 0 0 0 0 0 0 

0 1 1 1 1 1 1 1 1 
1 1 0 0 0 0 1 1 0 
1 1 1 1 1 1 0 1 1 
1 0 0 1 0 0 1 1 1 
1 0 0 0 1 0 1 0 1 
1 0 1 0 1 1 1 1 1 
1 1 0 0 1 1 1 1 1 
1 0 0 1 1 0 1 1 1 
1 1 0 1 1 1 1 1 1 

1 0 1 1 1 1 1 1 1 
0 1 0 0 1 1 1 1 1 
0 1 0 1 1 0 1 0 1 
0 1 0 0 1 1 0 1 1 
1 1 1 1 0 1 1 1 1 
0 1 0 1 1 1 1 1 1 
0 1 1 1 1 0 1 1 0 
0 1 1 1 1 1 1 1 1 
1 1 1 1 1 0 1 1 1 

1 1 0 1 1 1 1 1 1 
0 0 1 1 0 0 1 1 1 
0 1 1 0 0 1 1 1 1 
0 1 1 0 1 1 1 0 1 
0 1 1 1 1 1 1 1 1 
1 1 1 1 1 0 1 1 0 
1 1 1 1 1 1 0 1 1 
1 0 1 1 1 1 1 1 1 
0 1 1 0 1 1 1 1 1 

1 1 1 0 1 1 1 1 1 
1 0 1 1 1 1 1 1 1 
0 1 1 1 1 1 1 1 1 
1 1 1 1 1 1 1 1 0 
1 1 1 1 1 0 1 1 1 
1 1 1 1 0 1 1 1 1 
1 1 0 1 1 1 1 1 1 
1 1 1 1 1 1 0 1 1 
0 1 1 1 1 1 1 0 1 

1 1 1 1 0 1 1 1 1 
0 1 1 1 1 1 0 1 1 
1 1 0 1 1 1 1 1 1 
1 1 1 1 1 0 1 1 1 
1 0 1 0 1 1 1 1 1 
0 1 1 0 1 1 1 1 1 
1 0 1 1 1 1 1 0 1 
1 1 1 1 1 1 1 1 0 
0 0 1 1 1 1 1 1 1 

1 1 1 1 1 0 1 1 1 
1 1 1 1 1 1 1 0 1 
1 0 1 0 1 1 1 1 1 
0 1 1 0 1 1 1 1 1 
1 0 1 1 1 1 1 1 1 
1 1 1 0 1 1 0 1 1 
1 1 1 1 0 1 1 1 1 
1 1 0 1 1 1 1 0 1 
1 1 1 1 1 1 1 1 0 

1 1 1 1 1 1 0 1 1 
0 1 0 1 1 1 1 1 1 
1 0 1 1 1 0 1 1 1 
1 0 1 0 1 1 1 1 1 
1 1 1 1 1 1 1 1 0 
1 1 1 0 1 0 1 1 1 
0 1 1 1 1 1 1 1 1 
1 1 1 1 1 1 1 0 1 
0 1 1 1 0 1 1 1 1 

1 1 1 1 1 1 1 0 1 
1 1 1 1 0 1 1 1 1 
1 0 1 1 1 1 1 1 0 
1 1 0 0 1 1 1 1 1 
1 1 1 1 1 1 0 1 1 
1 1 1 1 1 0 1 1 1 
1 0 1 1 1 1 1 1 1 
1 1 1 0 1 1 1 1 1 
0 1 1 1 1 1 1 1 1 

1 1 1 1 1 1 1 1 0 
0 1 1 1 1 1 1 1 1 
1 0 1 1 1 1 1 1 1 
1 1 1 0 1 1 1 1 1 
1 1 0 1 1 1 1 1 1 
1 1 1 1 1 1 1 0 1 
1 1 1 1 1 0 1 1 1 
1 1 1 1 0 1 1 1 1 
1 1 1 1 1 1 0 1 1 

126000000

# Move search component status

0 0 0
0 126000000
