# Workunits generator for Rake-search status

9
0 1 2 3 4 5 6 7 8 
7 2 -1 -1 -1 -1 -1 0 -1 
-1 -1 1 -1 -1 -1 4 -1 -1 
-1 -1 -1 4 -1 6 -1 -1 -1 
-1 -1 -1 -1 3 -1 -1 -1 -1 
-1 -1 -1 1 -1 8 -1 -1 -1 
-1 -1 7 -1 -1 -1 5 -1 -1 
-1 5 -1 -1 -1 -1 -1 6 -1 
2 -1 -1 -1 -1 -1 -1 -1 7 

1 1 
2 2 
3 3 
4 4 
5 5 
6 6 
7 7 
8 8 
8 0 
7 1 
6 2 
5 3 
3 5 
2 6 
1 7 
1 0 

1 1 -1
1 0 15

0 0 0 0 0 0 0 0 0 
0 0 0 0 0 0 0 0 0 

0 0 0 0 0 0 0 0 0 
0 1 0 1 1 1 1 0 1 
1 0 1 1 0 1 1 1 1 
1 1 1 1 0 1 0 1 1 
1 1 1 0 1 1 1 1 1 
1 0 1 1 1 1 1 1 0 
1 1 1 1 1 0 1 0 1 
1 1 1 1 1 0 0 1 1 
1 1 0 1 1 1 1 0 1 

0 1 1 1 1 1 1 0 1 
1 0 0 0 1 1 1 1 1 
0 0 0 1 1 1 1 1 1 
1 1 1 0 0 1 1 1 1 
1 1 1 0 0 1 0 1 1 
1 0 1 1 1 0 0 1 1 
1 1 1 1 1 0 0 0 1 
0 1 0 1 1 1 1 0 0 
1 1 1 1 1 0 1 1 0 

0 1 1 1 1 1 1 1 1 
1 1 1 1 1 1 1 0 1 
1 1 1 1 1 1 0 1 1 
1 1 1 1 1 0 1 1 1 
1 1 1 1 1 1 1 1 1 
1 1 1 0 1 1 1 1 1 
1 1 0 1 1 1 1 1 1 
1 0 1 1 1 1 1 1 1 
1 1 1 1 1 1 1 1 1 

1 0 1 1 1 1 1 1 1 
0 1 1 1 1 1 1 1 1 
1 1 0 1 1 1 1 1 1 
1 1 1 1 1 1 1 1 1 
1 1 1 1 1 1 1 1 1 
1 1 1 0 1 1 1 1 1 
1 1 1 1 1 1 1 1 1 
1 1 1 1 1 1 1 1 1 
0 1 1 1 1 1 1 1 1 

1 1 0 1 1 1 1 1 1 
1 0 1 1 1 1 1 1 1 
1 1 1 1 1 1 1 1 1 
1 1 1 1 1 1 1 1 1 
1 1 1 1 1 1 1 1 1 
1 1 1 1 1 1 1 1 1 
1 1 1 1 1 1 1 1 1 
1 1 1 1 1 1 1 1 1 
0 1 1 1 1 1 1 1 1 

1 1 1 0 1 1 1 1 1 
0 1 1 1 1 1 1 1 1 
1 1 1 1 1 1 1 1 1 
1 1 1 1 1 1 1 1 1 
1 1 1 1 0 1 1 1 1 
1 1 1 1 1 1 1 1 1 
1 1 1 1 1 1 1 1 1 
1 1 1 1 1 1 1 1 1 
1 1 1 1 1 1 1 1 1 

1 1 1 1 0 1 1 1 1 
0 1 1 1 1 1 1 1 1 
1 1 1 1 1 1 0 1 1 
1 1 1 0 1 1 1 1 1 
1 1 1 1 1 1 1 1 1 
1 1 1 1 1 1 1 1 1 
1 1 0 1 1 1 1 1 1 
1 0 1 1 1 1 1 1 1 
1 1 1 1 1 1 1 1 1 

1 1 1 1 1 0 1 1 1 
0 1 1 1 1 1 1 1 1 
1 1 1 1 1 1 1 1 1 
1 1 1 1 1 1 1 1 1 
1 1 1 1 1 1 1 1 1 
1 1 1 1 1 1 1 1 1 
1 1 1 1 1 1 0 1 1 
1 0 1 1 1 1 1 1 1 
1 1 1 1 1 1 1 1 1 

1 1 1 1 1 1 0 1 1 
0 1 1 1 1 1 1 1 1 
1 1 1 1 1 1 1 1 1 
1 1 1 1 1 0 1 1 1 
1 1 1 1 1 1 1 1 1 
1 1 1 1 1 0 1 1 1 
1 1 0 1 1 1 1 1 1 
1 1 1 1 1 1 1 0 1 
1 1 1 1 1 1 1 1 1 

1 1 1 1 1 1 1 0 1 
0 1 1 1 1 1 1 1 1 
1 1 1 1 1 1 1 1 1 
1 1 1 1 1 1 1 1 1 
1 1 1 1 1 1 1 1 1 
1 1 1 1 1 0 1 1 1 
1 1 0 1 1 1 1 1 1 
1 1 1 1 1 1 1 1 1 
1 1 1 1 1 1 1 1 0 

1 1 1 1 1 1 1 1 0 
1 1 1 1 1 1 1 1 1 
1 1 1 1 1 1 1 1 1 
1 1 1 1 1 1 1 1 1 
1 1 1 1 1 1 1 1 1 
1 1 1 1 1 0 1 1 1 
1 1 1 1 1 1 1 1 1 
1 1 1 1 1 1 1 1 1 
1 1 1 1 1 1 1 1 1 


10030

1 2

